double
0 0 //starting position bigboi
5.91651e+11 //mass bigboi
0 1 //starting position satellite
6.28319 0 //starting velocity satellite
1e-06 //timestep
100000000 100000 //number of steps, report frequency

0.000000
0.000000 1.000000
6.283185 0.000000
1.000000

0.100000
0.587785 0.809015
5.083200 -3.693171
0.999998

0.200000
0.951053 0.309013
1.941581 -5.975680
0.999995

0.300000
0.951045 -0.309022
-1.941692 -5.975657
0.999991

0.400000
0.587762 -0.809017
-5.083323 -3.693064
0.999986

0.500000
-0.000034 -0.999980
-6.283247 0.000253
0.999980

0.600000
-0.587815 -0.808964
-5.083047 3.693526
0.999974

0.700000
-0.951053 -0.308929
-1.941124 5.975934
0.999969

0.800000
-0.950988 0.309115
1.942346 5.975550
0.999965

0.900000
-0.587642 0.809075
5.083858 3.692473
0.999963

1.000000
0.000186 0.999961
6.283309 -0.001169
0.999961

1.100000
0.587942 0.808852
5.082475 -3.694378
0.999958

1.200000
0.951096 0.308753
1.940063 -5.976304
0.999956

1.300000
0.950916 -0.309293
-1.943509 -5.975197
0.999952

1.400000
0.587468 -0.809181
-5.084660 -3.691434
0.999947

1.500000
-0.000406 -0.999941
-6.283371 0.002591
0.999941

1.600000
-0.588123 -0.808691
-5.081635 3.695679
0.999935

1.700000
-0.951153 -0.308492
-1.938493 5.976918
0.999930

1.800000
-0.950801 0.309563
1.945275 5.974727
0.999926

1.900000
-0.587198 0.809349
5.085881 3.689897
0.999923

2.000000
0.000744 0.999921
6.283432 -0.004676
0.999921

2.100000
0.588400 0.808470
5.080375 -3.697477
0.999919

2.200000
0.951253 0.308139
1.936320 -5.977648
0.999916

2.300000
0.950671 -0.309918
-1.947550 -5.974012
0.999912

2.400000
0.586873 -0.809565
-5.087369 -3.687911
0.999907

2.500000
-0.001150 -0.999901
-6.283491 0.007267
0.999901

2.600000
-0.588732 -0.808199
-5.078846 3.699722
0.999895

2.700000
-0.951368 -0.307701
-1.933637 5.978621
0.999890

2.800000
-0.950498 0.310365
1.950427 5.973178
0.999886

2.900000
-0.586451 0.809841
5.089275 3.685426
0.999884

3.000000
0.001674 0.999880
6.283549 -0.010522
0.999882

3.100000
0.589159 0.807868
5.076895 -3.702464
0.999879

3.200000
0.951525 0.307171
1.930351 -5.979709
0.999877

3.300000
0.950310 -0.310896
-1.953812 -5.972097
0.999873

3.400000
0.585975 -0.810165
-5.091447 -3.682491
0.999868

3.500000
-0.002267 -0.999859
-6.283603 0.014283
0.999862

3.600000
-0.589640 -0.807488
-5.074674 3.705653
0.999856

3.700000
-0.951696 -0.306555
-1.926554 5.981038
0.999851

3.800000
-0.950079 0.311520
1.957800 5.970896
0.999847

3.900000
-0.585403 0.810550
5.094035 3.679055
0.999844

4.000000
0.002977 0.999838
6.283654 -0.018708
0.999842

4.100000
0.590218 0.807046
5.072030 -3.709336
0.999840

4.200000
0.951909 0.305848
1.922152 -5.982479
0.999837

4.300000
0.949832 -0.312228
-1.962296 -5.969446
0.999833

4.400000
0.584776 -0.810983
-5.096888 -3.675169
0.999828

4.500000
-0.003755 -0.999815
-6.283699 0.023639
0.999822

4.600000
-0.590849 -0.806555
-5.069113 3.713466
0.999817

4.700000
-0.952137 -0.305055
-1.917239 5.984160
0.999811

4.800000
-0.949541 0.313027
1.967393 5.967872
0.999807

4.900000
-0.584052 0.811476
5.100155 3.670780
0.999805

5.000000
0.004651 0.999792
6.283738 -0.029234
0.999803

5.100000
0.591575 0.806002
5.065771 -3.718089
0.999800

5.200000
0.952405 0.304170
1.911721 -5.985951
0.999798

5.300000
0.949235 -0.313912
-1.972997 -5.966048
0.999794

5.400000
0.583272 -0.812016
-5.103684 -3.665938
0.999789

5.500000
-0.005616 -0.999767
-6.283768 0.035335
0.999783

5.600000
-0.592355 -0.805400
-5.062154 3.723156
0.999777

5.700000
-0.952688 -0.303200
-1.905690 5.987979
0.999772

5.800000
-0.948884 0.314888
1.979203 5.964097
0.999768

5.900000
-0.582396 0.812616
5.107624 3.660593
0.999765

6.000000
0.006698 0.999741
6.283789 -0.042100
0.999763

6.100000
0.593231 0.804736
5.058109 -3.728715
0.999761

6.200000
0.953011 0.302137
1.899053 -5.990113
0.999758

6.300000
0.948517 -0.315948
-1.985914 -5.961892
0.999754

6.400000
0.581465 -0.813263
-5.111824 -3.654792
0.999749

6.500000
-0.007848 -0.999712
-6.283798 0.049371
0.999743

6.600000
-0.594159 -0.804021
-5.053786 3.734716
0.999738

6.700000
-0.953347 -0.300988
-1.891901 5.992480
0.999732

6.800000
-0.948106 0.317100
1.993225 5.959556
0.999728

6.900000
-0.580435 0.813969
5.116432 3.648485
0.999726

7.000000
0.009117 0.999682
6.283792 -0.057307
0.999724

7.100000
0.595183 0.803244
5.049032 -3.741206
0.999721

7.200000
0.953724 0.299747
1.884142 -5.994949
0.999719

7.300000
0.947677 -0.318336
-2.001040 -5.956963
0.999715

7.400000
0.579351 -0.814722
-5.121297 -3.641720
0.999710

7.500000
-0.010453 -0.999649
-6.283772 0.065749
0.999704

7.600000
-0.596259 -0.802416
-5.043996 3.748136
0.999698

7.700000
-0.954113 -0.298419
-1.875867 5.997648
0.999693

7.800000
-0.947203 0.319663
2.009454 5.954235
0.999689

7.900000
-0.578168 0.815533
5.126566 3.634446
0.999686

8.000000
0.011908 0.999613
6.283732 -0.074855
0.999684

8.100000
0.597430 0.801525
5.038525 -3.755552
0.999682

8.200000
0.954542 0.296999
1.866984 -6.000445
0.999679

8.300000
0.946711 -0.321074
-2.018372 -5.951244
0.999675

8.400000
0.576929 -0.816391
-5.132089 -3.626712
0.999670

8.500000
-0.013430 -0.999574
-6.283673 0.084468
0.999664

8.600000
-0.598653 -0.800582
-5.032768 3.763406
0.999658

8.700000
-0.954982 -0.295493
-1.857583 6.003466
0.999653

8.800000
-0.946173 0.322576
2.027886 5.948113
0.999649

8.900000
-0.575591 0.817305
5.138010 3.618465
0.999647

9.000000
0.015071 0.999531
6.283588 -0.094745
0.999645

9.100000
0.599970 0.799576
5.026572 -3.771742
0.999643

9.200000
0.955461 0.293894
1.847573 -6.006580
0.999640

9.300000
0.945617 -0.324161
-2.037902 -5.944716
0.999636

9.400000
0.574197 -0.818266
-5.144181 -3.609756
0.999631

9.500000
-0.016780 -0.999484
-6.283479 0.105528
0.999625

9.600000
-0.601338 -0.798517
-5.020086 3.780513
0.999619

9.700000
-0.955951 -0.292208
-1.837041 6.009914
0.999614

9.800000
-0.945013 0.325838
2.048514 5.941172
0.999610

9.900000
-0.572704 0.819283
5.150747 3.600529
0.999607

10.000000
0.018606 0.999432
6.283337 -0.116976
0.999605

10.100000
0.602800 0.797394
5.013155 -3.789762
0.999603

10.200000
0.956479 0.290429
1.825899 -6.013334
0.999600

10.300000
0.944390 -0.327597
-2.059624 -5.937356
0.999596

10.400000
0.571154 -0.820345
-5.157557 -3.590837
0.999591

10.500000
-0.020501 -0.999375
-6.283166 0.128930
0.999585

10.600000
-0.604314 -0.796219
-5.005929 3.799444
0.999579

10.700000
-0.957016 -0.288564
-1.814234 6.016968
0.999574

10.800000
-0.943719 0.329447
2.071329 5.933388
0.999570

10.900000
-0.569504 0.821462
5.164756 3.580623
0.999568

11.000000
0.022513 0.999312
6.282956 -0.141548
0.999566

11.100000
0.605920 0.794977
4.998254 -3.809598
0.999564

11.200000
0.957591 0.286604
1.801958 -6.020681
0.999561

11.300000
0.943027 -0.331380
-2.083530 -5.929141
0.999557

11.400000
0.567797 -0.822624
-5.172193 -3.569940
0.999552

11.500000
-0.024594 -0.999243
-6.282710 0.154673
0.999546

11.600000
-0.607576 -0.793682
-4.990278 3.820182
0.999540

11.700000
-0.958174 -0.284558
-1.789155 6.024602
0.999535

11.800000
-0.942287 0.333403
2.096324 5.924735
0.999531

11.900000
-0.565989 0.823841
5.180015 3.558732
0.999528

12.000000
0.026792 0.999167
6.282416 -0.168462
0.999526

12.100000
0.609324 0.792321
4.981846 -3.831234
0.999524

12.200000
0.958792 0.282417
1.775739 -6.028596
0.999521

12.300000
0.941525 -0.335508
-2.109611 -5.920043
0.999517

12.400000
0.564123 -0.825100
-5.188068 -3.547051
0.999512

12.500000
-0.029059 -0.999084
-6.282080 0.182756
0.999506

12.600000
-0.611123 -0.790904
-4.973108 3.842710
0.999500

12.700000
-0.959419 -0.280189
-1.761794 6.032790
0.999495

12.800000
-0.940712 0.337703
2.123488 5.915185
0.999491

12.900000
-0.562155 0.826413
5.196499 3.534838
0.999489

13.000000
0.031443 0.998992
6.281688 -0.197715
0.999487

13.100000
0.613012 0.789421
4.963908 -3.854649
0.999484

13.200000
0.960080 0.277867
1.747234 -6.037048
0.999482

13.300000
0.939877 -0.339980
-2.137856 -5.910035
0.999478

13.400000
0.560129 -0.827768
-5.205156 -3.522149
0.999472

13.500000
-0.033895 -0.998892
-6.281245 0.213180
0.999467

13.600000
-0.614951 -0.787882
-4.954395 3.867009
0.999461

13.700000
-0.960747 -0.275458
-1.732143 6.041499
0.999456

13.800000
-0.938990 0.342347
2.152811 5.904709
0.999452

13.900000
-0.558001 0.829176
5.214182 3.508924
0.999449

14.000000
0.036465 0.998782
6.280738 -0.229308
0.999447

14.100000
0.616979 0.786274
4.944413 -3.879825
0.999445

14.200000
0.961447 0.272953
1.716435 -6.046006
0.999442

14.300000
0.938080 -0.344794
-2.168253 -5.899083
0.999438

14.400000
0.555813 -0.830625
-5.223428 -3.495218
0.999433

14.500000
-0.039103 -0.998662
-6.280172 0.245942
0.999427

14.600000
-0.619057 -0.784609
-4.934112 3.893057
0.999421

14.700000
-0.962153 -0.270361
-1.700192 6.050698
0.999416

14.800000
-0.937116 0.347330
2.184281 5.893272
0.999412

14.900000
-0.553523 0.832125
5.233035 3.480969
0.999410

15.000000
0.041858 0.998531
6.279532 -0.263238
0.999408

15.100000
0.621222 0.782875
4.923334 -3.906739
0.999405

15.200000
0.962890 0.267673
1.683331 -6.055435
0.999403

15.300000
0.936127 -0.349947
-2.200791 -5.887154
0.999399

15.400000
0.551172 -0.833665
-5.242854 -3.466236
0.999393

15.500000
-0.044682 -0.998388
-6.278824 0.281040
0.999388

15.600000
-0.623436 -0.781083
-4.912229 3.920832
0.999382

15.700000
-0.963630 -0.264897
-1.665932 6.060349
0.999377

15.800000
-0.935084 0.352653
2.217884 5.880842
0.999373

15.900000
-0.548718 0.835254
5.253026 3.450954
0.999370

16.000000
0.047622 0.998233
6.278031 -0.299505
0.999368

16.100000
0.625738 0.779221
4.900640 -3.935367
0.999366

16.200000
0.964401 0.262025
1.647912 -6.065298
0.999363

16.300000
0.934014 -0.355438
-2.235454 -5.874212
0.999359

16.400000
0.546202 -0.836882
-5.263401 -3.435183
0.999354

16.500000
-0.050631 -0.998065
-6.277161 0.318474
0.999348

16.600000
-0.628086 -0.777299
-4.888717 3.950307
0.999342

16.700000
-0.965174 -0.259065
-1.629351 6.070415
0.999337

16.800000
-0.932888 0.358311
2.253605 5.867379
0.999333

16.900000
-0.543582 0.838559
5.274120 3.418857
0.999331

17.000000
0.053757 0.997882
6.276195 -0.338104
0.999329

17.100000
0.630521 0.775305
4.876300 -3.965683
0.999326

17.200000
0.965975 0.256009
1.610169 -6.075556
0.999324

17.300000
0.931734 -0.361264
-2.272229 -5.860219
0.999319

17.400000
0.540899 -0.840272
-5.285034 -3.402036
0.999314

17.500000
-0.056950 -0.997684
-6.275142 0.358239
0.999308

17.600000
-0.633001 -0.773250
-4.863542 3.981458
0.999303

17.700000
-0.966776 -0.252863
-1.590441 6.080853
0.999298

17.800000
-0.930522 0.364304
2.291429 5.852844
0.999294

17.900000
-0.538112 0.842032
5.296282 3.384654
0.999291

18.000000
0.060261 0.997470
6.273980 -0.379034
0.999289

18.100000
0.635567 0.771122
4.850282 -3.997659
0.999287

18.200000
0.967604 0.249622
1.570090 -6.086165
0.999284

18.300000
0.929280 -0.367422
-2.311098 -5.845133
0.999280

18.400000
0.535261 -0.843828
-5.307716 -3.366772
0.999275

18.500000
-0.063639 -0.997240
-6.272722 0.400333
0.999269

18.600000
-0.638177 -0.768932
-4.836670 4.014253
0.999263

18.700000
-0.968431 -0.246291
-1.549191 6.091622
0.999258

18.800000
-0.927979 0.370627
2.331339 5.837196
0.999254

18.900000
-0.532304 0.845669
5.319473 3.348322
0.999252

19.000000
0.067134 0.996992
6.271342 -0.422291
0.999250

19.100000
0.640872 0.766667
4.822549 -4.031265
0.999247

19.200000
0.969282 0.242863
1.527666 -6.097080
0.999244

19.300000
0.926646 -0.373909
-2.352042 -5.828912
0.999240

19.400000
0.529283 -0.847544
-5.331405 -3.329367
0.999235

19.500000
-0.070696 -0.996725
-6.269854 0.444751
0.999229

19.600000
-0.643609 -0.764339
-4.808067 4.048662
0.999224

19.700000
-0.970130 -0.239345
-1.505589 6.102672
0.999219

19.800000
-0.925252 0.377278
2.373314 5.820389
0.999215

19.900000
-0.526154 0.849462
5.343650 3.309837
0.999212

20.000000
0.074375 0.996438
6.268231 -0.467869
0.999210

20.100000
0.646430 0.761935
4.793065 -4.066468
0.999208

20.200000
0.971000 0.235730
1.482886 -6.108253
0.999205

20.300000
0.923825 -0.380723
-2.395043 -5.811510
0.999201

20.400000
0.522961 -0.851413
-5.356060 -3.289796
0.999196

20.500000
-0.078121 -0.996131
-6.266489 0.491488
0.999190

20.600000
-0.649292 -0.759466
-4.777694 4.084651
0.999184

20.700000
-0.971866 -0.232024
-1.459626 6.113957
0.999179

20.800000
-0.922335 0.384253
2.417335 5.802379
0.999175

20.900000
-0.519659 0.853405
5.368770 3.269172
0.999173

21.000000
0.081984 0.995801
6.264597 -0.515763
0.999171

21.100000
0.652236 0.756919
4.761793 -4.103234
0.999168

21.200000
0.972752 0.228222
1.435738 -6.119635
0.999165

21.300000
0.920809 -0.387859
-2.440078 -5.792880
0.999161

21.400000
0.516292 -0.855427
-5.381634 -3.248033
0.999156

21.500000
-0.085913 -0.995450
-6.262573 0.540538
0.999150

21.600000
-0.655220 -0.754306
-4.745513 4.122186
0.999144

21.700000
-0.973631 -0.224328
-1.411291 6.125422
0.999140

21.800000
-0.919218 0.391549
2.463380 5.783117
0.999136

21.900000
-0.512814 0.857490
5.394785 3.226303
0.999133

22.000000
0.089959 0.995073
6.260385 -0.565967
0.999131

22.100000
0.658283 0.751613
4.728692 -4.141525
0.999129

22.200000
0.974528 0.220336
1.386214 -6.131170
0.999126

22.300000
0.917590 -0.395313
-2.487125 -5.772973
0.999122

22.400000
0.509270 -0.859580
-5.408079 -3.204051
0.999117

22.500000
-0.094071 -0.994672
-6.258053 0.591895
0.999111

22.600000
-0.661386 -0.748852
-4.711482 4.161226
0.999105

22.700000
-0.975415 -0.216253
-1.360574 6.137014
0.999100

22.800000
-0.915895 0.399161
2.511423 5.762551
0.999096

22.900000
-0.505616 0.861708
5.421647 3.181201
0.999094

23.000000
0.098299 0.994244
6.255541 -0.618474
0.999091

23.100000
0.664566 0.746010
4.693722 -4.181303
0.999089

23.200000
0.976319 0.212073
1.334302 -6.142804
0.999086

23.300000
0.914160 -0.403083
-2.536158 -5.751737
0.999082

23.400000
0.501893 -0.863862
-5.435345 -3.157824
0.999077

23.500000
-0.102593 -0.993790
-6.252872 0.645550
0.999071

23.600000
-0.667784 -0.743099
-4.675562 4.201733
0.999065

23.700000
-0.977211 -0.207800
-1.307464 6.148675
0.999060

23.800000
-0.912357 0.407087
2.561440 5.740630
0.999057

23.900000
-0.498059 0.866052
5.449303 3.133840
0.999054

24.000000
0.107003 0.993305
6.250006 -0.673274
0.999052

24.100000
0.671078 0.740104
4.656840 -4.222526
0.999050

24.200000
0.978116 0.203429
1.279994 -6.154476
0.999047

24.300000
0.910511 -0.411163
-2.587150 -5.729118
0.999043

24.400000
0.494155 -0.868266
-5.463378 -3.109324
0.999037

24.500000
-0.111478 -0.992792
-6.246968 0.701493
0.999031

24.600000
-0.674408 -0.737039
-4.637707 4.243662
0.999026

24.700000
-0.979007 -0.198965
-1.251953 6.160345
0.999021

24.800000
-0.908595 0.415320
2.613402 5.717299
0.999017

24.900000
-0.490139 0.870513
5.477699 3.084192
0.999014

25.000000
0.116068 0.992247
6.243717 -0.730358
0.999012

25.100000
0.677812 0.733888
4.618002 -4.265150
0.999010

25.200000
0.979909 0.194404
1.223279 -6.166127
0.999007

25.300000
0.906634 -0.419549
-2.640073 -5.705061
0.999003

25.400000
0.486053 -0.872782
-5.492122 -3.058523
0.998998

25.500000
-0.120723 -0.991671
-6.240281 0.759715
0.998992

25.600000
-0.681250 -0.730665
-4.597875 4.286970
0.998986

25.700000
-0.980795 -0.189749
-1.194031 6.171960
0.998981

25.800000
-0.904600 0.423857
2.667279 5.692500
0.998978

25.900000
-0.481852 0.875082
5.506775 3.032229
0.998975

26.000000
0.125493 0.991059
6.236613 -0.789714
0.998973

26.100000
0.684760 0.727355
4.577164 -4.309127
0.998971

26.200000
0.981689 0.184996
1.164149 -6.177690
0.998968

26.300000
0.902520 -0.428236
-2.694895 -5.679508
0.998963

26.400000
0.477581 -0.877402
-5.521517 -3.005392
0.998958

26.500000
-0.130328 -0.990414
-6.232745 0.820202
0.998952

26.600000
-0.688303 -0.723971
-4.556020 4.331606
0.998947

26.700000
-0.982563 -0.180150
-1.133691 6.183454
0.998942

26.800000
-0.900363 0.432693
2.723038 5.666177
0.998938

26.900000
-0.473195 0.879749
5.536472 2.977923
0.998935

27.000000
0.135277 0.989731
6.228627 -0.851330
0.998933

27.100000
0.691915 0.720498
4.534280 -4.354409
0.998931

27.200000
0.983443 0.175205
1.102597 -6.189098
0.998928

27.300000
0.898159 -0.437218
-2.751582 -5.652400
0.998924

27.400000
0.468736 -0.882114
-5.551501 -2.949904
0.998919

27.500000
-0.140289 -0.989012
-6.224293 0.882942
0.998913

27.600000
-0.695558 -0.716948
-4.512095 4.377522
0.998907

27.700000
-0.984301 -0.170166
-1.070924 6.194760
0.998902

27.800000
-0.895876 0.441820
2.780646 5.638268
0.998898

27.900000
-0.464161 0.884504
5.566726 2.921245
0.998896

28.000000
0.145415 0.988253
6.219690 -0.915190
0.998894

28.100000
0.699268 0.713309
4.489303 -4.400943
0.998892

28.200000
0.985162 0.165028
1.038615 -6.200282
0.998889

28.300000
0.893542 -0.446490
-2.810100 -5.623676
0.998884

28.400000
0.459513 -0.886909
-5.582009 -2.892030
0.998879

28.500000
-0.150605 -0.987454
-6.214855 0.947919
0.998873

28.600000
-0.703006 -0.709590
-4.466054 4.424661
0.998867

28.700000
-0.985998 -0.159796
-1.005723 6.205805
0.998863

28.800000
-0.891126 0.451235
2.840066 5.608712
0.998859

28.900000
-0.454747 0.889336
5.597471 2.862167
0.998856

29.000000
0.155907 0.986612
6.209732 -0.981278
0.998854

29.100000
0.706810 0.705780
4.442185 -4.448673
0.998852

29.200000
0.986833 0.154466
0.972197 -6.211169
0.998849

29.300000
0.888658 -0.456045
-2.870410 -5.593274
0.998845

29.400000
0.449907 -0.891776
-5.612973 -2.831742
0.998839

29.500000
-0.161272 -0.985728
-6.204360 1.015115
0.998834

29.600000
-0.710639 -0.701889
-4.417848 4.472970
0.998828

29.700000
-0.987641 -0.149041
-0.938084 6.216515
0.998823

29.800000
-0.886106 0.460930
2.901257 5.577446
0.998819

29.900000
-0.444948 0.894235
5.628636 2.800660
0.998817

30.000000
0.166748 0.984797
6.198680 -1.049576
0.998815

30.100000
0.714532 0.697905
4.392878 -4.497542
0.998813

30.200000
0.988445 0.143517
0.903338 -6.221683
0.998809

30.300000
0.883499 -0.465878
-2.932472 -5.561128
0.998805

30.400000
0.439914 -0.896703
-5.644323 -2.769011
0.998800

30.500000
-0.172287 -0.983822
-6.192733 1.084511
0.998794

30.600000
-0.718448 -0.693838
-4.367427 4.522387
0.998788

30.700000
-0.989218 -0.137898
-0.868003 6.226813
0.998783

30.800000
-0.880804 0.470898
2.964178 5.544403
0.998780

30.900000
-0.434760 0.899188
5.660150 2.736697
0.998777

31.000000
0.177936 0.982797
6.186458 -1.120064
0.998775

31.100000
0.722424 0.689675
4.341332 -4.547490
0.998773

31.200000
0.989985 0.132181
0.832034 -6.231744
0.998770

31.300000
0.878052 -0.475980
-2.996241 -5.527173
0.998766

31.400000
0.429530 -0.901679
-5.675983 -2.703810
0.998760

31.500000
-0.183647 -0.981725
-6.179898 1.156086
0.998754

31.600000
-0.726422 -0.685427
-4.314744 4.572850
0.998749

31.700000
-0.990717 -0.126369
-0.795474 6.236619
0.998744

31.800000
-0.875210 0.481133
3.028785 5.509518
0.998740

31.900000
-0.424179 0.904184
5.691936 2.670250
0.998738

32.000000
0.189467 0.980599
6.172989 -1.192720
0.998736

32.100000
0.730476 0.681082
4.287499 -4.598450
0.998733

32.200000
0.991439 0.120458
0.758283 -6.241273
0.998730

32.300000
0.872308 -0.486346
-3.061672 -5.491342
0.998726

32.400000
0.418751 -0.906692
-5.707876 -2.636112
0.998721

32.500000
-0.195348 -0.979423
-6.165777 1.229816
0.998715

32.600000
-0.734550 -0.676651
-4.259748 4.624293
0.998709

32.700000
-0.992125 -0.114451
-0.720499 6.245850
0.998704

32.800000
-0.869313 0.491627
3.095029 5.472722
0.998701

32.900000
-0.413200 0.909210
5.723916 2.601292
0.998698

33.000000
0.201337 0.978191
6.158192 -1.267518
0.998696

33.100000
0.738678 0.672119
4.231327 -4.650358
0.998694

33.200000
0.992796 0.108347
0.682084 -6.250185
0.998691

33.300000
0.866256 -0.496966
-3.128715 -5.453566
0.998686

33.400000
0.407572 -0.911728
-5.739923 -2.565890
0.998681

33.500000
-0.207386 -0.976905
-6.150287 1.305676
0.998675

33.600000
-0.742822 -0.667500
-4.202388 4.676649
0.998669

33.700000
-0.993427 -0.102147
-0.643075 6.254421
0.998665

33.800000
-0.863103 0.502372
3.162860 5.433946
0.998661

33.900000
-0.401820 0.914254
5.756007 2.529797
0.998659

34.000000
0.213542 0.975559
6.141987 -1.344432
0.998657

34.100000
0.747018 0.662778
4.172767 -4.703141
0.998654

34.200000
0.994041 0.095849
0.603439 -6.258393
0.998651

34.300000
0.859884 -0.507833
-3.197319 -5.413775
0.998647

34.400000
0.395989 -0.916775
-5.772040 -2.493117
0.998641

34.500000
-0.219756 -0.974156
-6.133346 1.383637
0.998635

34.600000
-0.751227 -0.657966
-4.142615 4.729843
0.998630

34.700000
-0.994610 -0.089456
-0.563206 6.262244
0.998625

34.800000
-0.856567 0.513359
3.232224 5.393120
0.998622

34.900000
-0.390034 0.919301
5.788126 2.455740
0.998619

35.000000
0.226076 0.972690
6.124288 -1.423431
0.998617

35.100000
0.755484 0.653051
4.111768 -4.756726
0.998615

35.200000
0.995159 0.082964
0.522349 -6.265807
0.998612

35.300000
0.853182 -0.518938
-3.267428 -5.371898
0.998607

35.400000
0.383999 -0.921819
-5.804139 -2.417771
0.998602

35.500000
-0.232453 -0.971164
-6.114870 1.463667
0.998596

35.600000
-0.759752 -0.648043
-4.080378 4.783802
0.998590

35.700000
-0.995660 -0.076378
-0.480895 6.269227
0.998586

35.800000
-0.849696 0.524579
3.303064 5.350173
0.998582

35.900000
-0.377838 0.924337
5.820182 2.379096
0.998580

36.000000
0.238935 0.969571
6.105011 -1.504483
0.998578

36.100000
0.764065 0.642929
4.048281 -4.811037
0.998575

36.200000
0.996137 0.069694
0.438820 -6.272335
0.998572

36.300000
0.846138 -0.530271
-3.338984 -5.327864
0.998568

36.400000
0.371598 -0.926845
-5.836132 -2.339826
0.998562

36.500000
-0.245472 -0.967914
-6.094771 1.545733
0.998556

36.600000
-0.768385 -0.637721
-4.015627 4.838446
0.998551

36.700000
-0.996562 -0.062915
-0.396148 6.275277
0.998546

36.800000
-0.842476 0.536023
3.375321 5.305031
0.998542

36.900000
-0.365230 0.929349
5.852086 2.299843
0.998540

37.000000
0.252113 0.966187
6.084067 -1.587552
0.998538

37.100000
0.772746 0.632405
3.982254 -4.865991
0.998536

37.200000
0.996959 0.056039
0.352859 -6.277883
0.998532

37.300000
0.838741 -0.541823
-3.411924 -5.281599
0.998528

37.400000
0.358782 -0.931838
-5.867924 -2.259260
0.998522

37.500000
-0.258807 -0.964393
-6.072961 1.629798
0.998517

37.600000
-0.777112 -0.626993
-3.948311 4.893693
0.998511

37.700000
-0.997300 -0.049068
-0.308973 6.280297
0.998506

37.800000
-0.834898 0.547680
3.448930 5.257623
0.998503

37.900000
-0.352205 0.934320
5.883741 2.217958
0.998500

38.000000
0.265603 0.962525
6.061366 -1.672601
0.998498

38.100000
0.781516 0.621472
3.913638 -4.921506
0.998496

38.200000
0.997609 0.042000
0.264475 -6.282351
0.998493

38.300000
0.830979 -0.553582
-3.486184 -5.233030
0.998488

38.400000
0.345548 -0.936784
-5.899420 -2.176053
0.998483

38.500000
-0.272452 -0.960586
-6.049350 1.715820
0.998477

38.600000
-0.785921 -0.615852
-3.878382 4.949456
0.998471

38.700000
-0.997859 -0.034838
-0.219381 6.284190
0.998467

38.800000
-0.826949 0.559540
3.523824 5.207873
0.998463

38.900000
-0.338761 0.939236
5.915051 2.133422
0.998461

39.000000
0.279400 0.958570
6.036818 -1.759586
0.998459

39.100000
0.790359 0.610121
3.842384 -4.977493
0.998456

39.200000
0.998072 0.027581
0.173680 -6.285642
0.998453

39.300000
0.822840 -0.565539
-3.561694 -5.182083
0.998449

39.400000
0.331893 -0.941667
-5.930519 -2.090185
0.998443

39.500000
-0.286398 -0.956479
-6.023844 1.803758
0.998437

39.600000
-0.794796 -0.604289
-3.805790 5.005646
0.998432

39.700000
-0.998222 -0.020229
-0.127385 6.286852
0.998427

39.800000
-0.818617 0.571591
3.599933 5.155709
0.998424

39.900000
-0.324895 0.944081
5.945913 2.046217
0.998421

40.000000
0.293495 0.954307
6.010330 -1.848463
0.998419

40.100000
0.799262 0.598344
3.768443 -5.033861
0.998417

40.200000
0.998332 0.012783
0.080490 -6.287650
0.998414

40.300000
0.814312 -0.577682
-3.638382 -5.128684
0.998409

40.400000
0.317814 -0.946469
-5.961119 -2.001640
0.998404

40.500000
-0.300640 -0.952057
-5.996351 1.893564
0.998398

40.600000
-0.803723 -0.592297
-3.730488 5.062169
0.998392

40.700000
-0.998374 -0.005243
-0.033003 6.288180
0.998388

40.800000
-0.809891 0.583822
3.677181 5.101054
0.998384

40.900000
-0.310604 0.948837
5.976222 1.956326
0.998382

41.000000
0.307881 0.949722
5.981807 -1.939184
0.998380

41.100000
0.808210 0.586135
3.691768 -5.090514
0.998377

41.200000
0.998371 -0.002391
-0.015078 -6.288272
0.998374

41.300000
0.805385 -0.589998
-3.716171 -5.072758
0.998369

41.400000
0.303310 -0.951175
-5.991114 -1.910401
0.998364

41.500000
-0.315169 -0.947305
-5.966776 1.985188
0.998358

41.600000
-0.812686 -0.579869
-3.652428 5.118930
0.998352

41.700000
-0.998297 0.010118
0.063748 6.288069
0.998348

41.800000
-0.800758 0.596220
3.755490 5.043835
0.998345

41.900000
-0.295885 0.953488
6.005872 1.863736
0.998342

42.000000
0.322550 0.944799
5.951154 -2.031695
0.998340

42.100000
0.817185 0.573486
3.612312 -5.147353
0.998338

42.200000
0.998173 -0.017937
-0.113003 -6.287399
0.998334

42.300000
0.796045 -0.602474
-3.794979 -5.014230
0.998330

42.400000
0.288378 -0.955766
-6.020393 -1.816457
0.998324

42.500000
-0.329975 -0.942208
-5.935022 2.078574
0.998318

42.600000
-0.821670 -0.566997
-3.571565 5.175825
0.998313

42.700000
-0.997974 0.025848
0.162843 6.286408
0.998308

42.800000
-0.791208 0.608771
3.834778 4.983977
0.998305

42.900000
-0.280739 0.958016
6.034751 1.768434
0.998303

43.000000
0.337492 0.939523
5.918273 -2.125941
0.998301

43.100000
0.826173 0.560390
3.530031 -5.204277
0.998298

43.200000
0.997721 -0.033851
-0.213260 -6.284922
0.998295

43.300000
0.786282 -0.615097
-3.874723 -4.953025
0.998290

43.400000
0.273016 -0.960226
-6.048845 -1.719797
0.998285

43.500000
-0.345051 -0.936750
-5.900993 2.173665
0.998279

43.600000
-0.830658 -0.553675
-3.487854 5.232752
0.998273

43.700000
-0.997387 0.041946
0.264258 6.283087
0.998269

43.800000
-0.781229 0.621463
3.914957 4.921405
0.998265

43.900000
-0.265162 0.962402
6.062744 1.670412
0.998263

44.000000
0.352698 0.933879
5.883067 -2.221860
0.998261

44.100000
0.835156 0.546840
3.444881 -5.261177
0.998259

44.200000
0.996996 -0.050130
-0.315822 -6.280729
0.998255

44.300000
0.776083 -0.627853
-3.955314 -4.889070
0.998250

44.400000
0.257224 -0.964535
-6.076352 -1.620413
0.998245

44.500000
-0.360385 -0.930915
-5.864588 2.270399
0.998239

44.600000
-0.839633 -0.539896
-3.401252 5.289600
0.998234

44.700000
-0.996519 0.058405
0.367963 6.277992
0.998229

44.800000
-0.770807 0.634280
3.995936 4.856045
0.998226

44.900000
-0.249154 0.966629
6.089734 1.569664
0.998223

45.000000
0.368158 0.927850
5.845438 -2.319389
0.998221

45.100000
0.844117 0.532830
3.356819 -5.317943
0.998219

45.200000
0.995980 -0.066767
-0.420658 -6.274704
0.998216

45.300000
0.765437 -0.640727
-4.036658 -4.822290
0.998211

45.400000
0.241001 -0.968675
-6.102797 -1.518301
0.998205

45.500000
-0.375968 -0.924689
-5.825711 2.368708
0.998199

45.600000
-0.848575 -0.525653
-3.311719 5.346258
0.998194

45.700000
-0.995351 0.075219
0.473923 6.271008
0.998189

45.800000
-0.759933 0.647207
4.077621 4.787824
0.998186

45.900000
-0.232715 0.970677
6.115601 1.466186
0.998184

46.000000
0.383860 0.921422
5.805285 -2.418459
0.998182

46.100000
0.853037 0.518352
3.265807 -5.374460
0.998179

46.200000
0.994656 -0.083758
-0.527730 -6.266733
0.998176

46.300000
0.754332 -0.653704
-4.118657 -4.752612
0.998171

46.400000
0.224346 -0.972627
-6.128057 -1.413459
0.998166

46.500000
-0.391788 -0.918055
-5.784259 2.468521
0.998160

46.600000
-0.857469 -0.510940
-3.219217 5.402608
0.998154

46.700000
-0.993865 0.092384
0.582101 6.262019
0.998150

46.800000
-0.748595 0.660229
4.159910 4.716669
0.998147

46.900000
-0.215845 0.974527
6.140219 1.359980
0.998144

47.000000
0.399794 0.914578
5.762509 -2.518995
0.998142

47.100000
0.861898 0.503403
3.171806 -5.430611
0.998140

47.200000
0.993003 -0.101095
-0.637001 -6.256696
0.998136

47.300000
0.742757 -0.666767
-4.201210 -4.679964
0.998132

47.400000
0.207261 -0.976370
-6.152005 -1.305890
0.998126

47.500000
-0.407832 -0.910998
-5.740135 2.569763
0.998120

47.600000
-0.866293 -0.495752
-3.123708 5.458530
0.998115

47.700000
-0.992042 0.109892
0.692455 6.250903
0.998110

47.800000
-0.736781 0.673329
4.242700 4.642508
0.998107

47.900000
-0.198545 0.978158
6.163464 1.251047
0.998105

48.000000
0.415946 0.907303
5.717008 -2.620921
0.998103

48.100000
0.870681 0.487975
3.074781 -5.486271
0.998100

48.200000
0.991005 -0.118772
-0.748425 -6.244473
0.998097

48.300000
0.730701 -0.679899
-4.284210 -4.604275
0.998092

48.400000
0.189746 -0.979884
-6.174515 -1.195598
0.998086

48.500000
-0.424088 -0.903501
-5.693235 2.672354
0.998080

48.600000
-0.875028 -0.480083
-3.025159 5.513900
0.998075

48.700000
-0.989863 0.127737
0.804939 6.237542
0.998071

48.800000
-0.724480 0.686489
4.325882 4.565271
0.998067

48.900000
-0.180815 0.981550
6.185204 1.139397
0.998065

49.000000
0.432303 0.899580
5.668683 -2.724152
0.998063

49.100000
0.879364 0.472064
2.974701 -5.541315
0.998061

49.200000
0.988640 -0.136781
-0.861953 -6.229943
0.998057

49.300000
0.718153 -0.693083
-4.367544 -4.525476
0.998052

49.400000
0.171802 -0.983148
-6.195455 -1.082594
0.998046

49.500000
-0.440543 -0.895548
-5.643461 2.776206
0.998041

49.600000
-0.883654 -0.463928
-2.923539 5.568588
0.998035

49.700000
-0.987308 0.145908
0.919502 6.221812
0.998031

49.800000
-0.711682 0.699692
4.409341 4.484889
0.998028

49.900000
-0.162658 0.984682
6.205306 1.025042
0.998026

50.000000
0.448852 0.891394
5.617433 -2.828602
0.998024

50.100000
0.887927 0.455665
2.871536 -5.595612
0.998021

50.200000
0.985890 -0.155113
-0.977533 -6.212983
0.998017

50.300000
0.705102 -0.706300
-4.451098 -4.443498
0.998012

50.400000
0.153432 -0.986142
-6.214689 -0.966891
0.998007

50.500000
-0.457182 -0.887125
-5.590712 2.881231
0.998001

50.600000
-0.892150 -0.447284
-2.818820 5.622461
0.997996

50.700000
-0.984358 0.164399
1.036087 6.203589
0.997991

50.800000
-0.698375 0.712919
4.492959 4.401295
0.997988

50.900000
-0.144076 0.987531
6.223636 0.907995
0.997986

51.000000
0.465577 0.882729
5.563158 -2.934176
0.997984

51.100000
0.896350 0.438775
2.765260 -5.649026
0.997981

51.200000
0.982734 -0.173760
-1.095105 -6.193467
0.997978

51.300000
0.691538 -0.719531
-4.534750 -4.358275
0.997973

51.400000
0.134639 -0.988843
-6.232083 -0.848508
0.997967

51.500000
-0.473990 -0.878214
-5.534887 2.987332
0.997961

51.600000
-0.900494 -0.430147
-2.710978 5.675385
0.997956

51.700000
-0.980992 0.183198
1.154633 6.182749
0.997952

51.800000
-0.684550 0.726149
4.576613 4.314425
0.997949

51.900000
-0.125072 0.990078
6.240055 0.788280
0.997946

52.000000
0.482463 0.873569
5.505757 -3.040776
0.997944

52.100000
0.904610 0.421389
2.655849 -5.701420
0.997942

52.200000
0.979154 -0.192710
-1.214606 -6.171272
0.997938

52.300000
0.677450 -0.732757
-4.618375 -4.269744
0.997933

52.400000
0.115426 -0.991229
-6.247495 -0.727467
0.997927

52.500000
-0.490950 -0.868801
-5.475887 3.094409
0.997922

52.600000
-0.908664 -0.412512
-2.599993 5.727216
0.997916

52.700000
-0.977192 0.202296
1.275075 6.159166
0.997912

52.800000
-0.670197 0.739363
4.660175 4.224215
0.997909

52.900000
-0.105652 0.992298
6.254422 0.665919
0.997907

53.000000
0.499493 0.863898
5.445131 -3.148299
0.997905

53.100000
0.912684 0.403506
2.543286 -5.752651
0.997902

53.200000
0.975129 -0.211952
-1.335967 -6.146270
0.997898

53.300000
0.662829 -0.745955
-4.701840 -4.177843
0.997893

53.400000
0.095799 -0.993279
-6.260783 -0.603796
0.997888

53.500000
-0.508047 -0.858870
-5.413613 3.202354
0.997882

53.600000
-0.916637 -0.394379
-2.485847 5.777811
0.997877

53.700000
-0.972937 0.221681
1.397339 6.132712
0.997872

53.800000
-0.655306 0.752540
4.743510 4.130606
0.997869

53.900000
-0.085819 0.994170
6.266593 0.540945
0.997867

54.000000
0.516651 0.853702
5.381184 -3.256635
0.997865

54.100000
0.920549 0.385122
2.427556 -5.802572
0.997863

54.200000
0.970639 -0.231476
-1.459112 -6.118333
0.997859

54.300000
0.647667 -0.759105
-4.785011 -4.082514
0.997854

54.400000
0.075762 -0.994968
-6.271803 -0.477528
0.997848

54.500000
-0.525261 -0.848405
-5.347969 3.311055
0.997842

54.600000
-0.924389 -0.375744
-2.368528 5.827022
0.997837

54.700000
-0.968207 0.241341
1.521348 6.103260
0.997833

54.800000
-0.639869 0.765658
4.826481 4.033540
0.997830

54.900000
-0.065579 0.995670
6.276422 0.413393
0.997828

55.000000
0.533917 0.842964
5.313817 -3.365669
0.997826

55.100000
0.928182 0.366236
2.308649 -5.851032
0.997823

55.200000
0.965664 -0.251268
-1.583961 -6.087335
0.997819

55.300000
0.631953 -0.772184
-4.867746 -3.983701
0.997814

55.400000
0.055321 -0.996273
-6.280409 -0.348701
0.997808

55.500000
-0.542574 -0.837391
-5.278857 3.420395
0.997802

55.600000
-0.931896 -0.356607
-2.248028 5.874696
0.997797

55.700000
-0.962982 0.261261
1.647018 6.070682
0.997793

55.800000
-0.623877 0.778693
4.908943 3.932963
0.997790

55.900000
-0.044940 0.996776
6.283763 0.283303
0.997788

56.000000
0.551272 0.831670
5.242935 -3.475281
0.997786

56.100000
0.935558 0.346848
2.186559 -5.897878
0.997783

56.200000
0.960184 -0.271313
-1.710427 -6.053148
0.997779

56.300000
0.615680 -0.785170
-4.949900 -3.881352
0.997774

56.400000
0.034485 -0.997172
-6.286450 -0.217361
0.997769

56.500000
-0.559967 -0.825813
-5.206184 3.530249
0.997763

56.600000
-0.939134 -0.336967
-2.124345 5.920677
0.997758

56.700000
-0.957241 0.281429
1.774259 6.034851
0.997754

56.800000
-0.607322 0.791623
4.990750 3.828826
0.997751

56.900000
-0.023907 0.997462
6.288465 0.150723
0.997749

57.000000
0.568697 0.819806
5.168446 -3.585342
0.997746

57.100000
0.942651 0.326957
2.061286 -5.942952
0.997744

57.200000
0.954178 -0.291598
-1.838417 -6.015643
0.997740

57.300000
0.598841 -0.798038
-5.031321 -3.775419
0.997735

57.400000
0.013259 -0.997641
-6.289777 -0.083556
0.997729

57.500000
-0.577419 -0.813658
-5.129857 3.640487
0.997723

57.600000
-0.946078 -0.316825
-1.997481 5.964806
0.997718

57.700000
-0.950964 0.301827
1.902976 5.995638
0.997714

57.800000
-0.590196 0.804423
5.071746 3.721082
0.997711

57.900000
-0.002491 0.997706
6.290376 0.015707
0.997709

58.000000
0.586170 0.807356
5.090258 -3.695721
0.997707

58.100000
0.949438 0.306564
1.932834 -5.986092
0.997704

58.200000
0.947626 -0.312107
-1.967832 -5.974692
0.997700

58.300000
0.581428 -0.810763
-5.111854 -3.665856
0.997695

58.400000
-0.008345 -0.997654
-6.290238 0.052657
0.997689

58.500000
-0.594908 -0.800910
-5.049787 3.750975
0.997683

58.600000
-0.952701 -0.296182
-1.867442 6.006919
0.997678

58.700000
-0.944132 0.322442
2.033065 5.952916
0.997674

58.800000
-0.572494 0.817067
5.151775 3.609688
0.997671

58.900000
0.019299 0.997483
6.289343 -0.121686
0.997669

59.000000
0.603670 0.794307
5.008283 -3.806279
0.997667

59.100000
0.955890 0.285671
1.801215 -6.027134
0.997664

59.200000
0.940508 -0.332822
-2.098565 -5.930169
0.997660

59.300000
0.563436 -0.823320
-5.191338 -3.552625
0.997655

59.400000
-0.030319 -0.997189
-6.287677 0.191214
0.997649

59.500000
-0.612412 -0.787556
-4.965886 3.861569
0.997644

59.600000
-0.958976 -0.275040
-1.734243 6.046849
0.997639

59.700000
-0.936724 0.343254
2.164417 5.906559
0.997635

59.800000
-0.554209 0.829531
5.230671 3.494607
0.997632

59.900000
0.041454 0.996768
6.285211 -0.261390
0.997630

60.000000
0.621172 0.780645
4.922434 -3.916869
0.997628

60.100000
0.961983 0.264281
1.666444 -6.065909
0.997625

60.200000
0.932805 -0.353726
-2.230504 -5.881948
0.997621

60.300000
0.544858 -0.835683
-5.269606 -3.435690
0.997615

60.400000
-0.052651 -0.996219
-6.281939 0.332046
0.997610

60.500000
-0.629907 -0.773583
-4.878070 3.972122
0.997604

60.600000
-0.964879 -0.253402
-1.597904 6.084428
0.997599

60.700000
-0.928720 0.364245
2.296915 5.856440
0.997595

60.800000
-0.535337 0.841787
5.308267 3.375807
0.997592

60.900000
0.063960 0.995538
6.277826 -0.403331
0.997590

61.000000
0.638654 0.766357
4.832629 -4.027342
0.997588

61.100000
0.967688 0.242398
1.528546 -6.102247
0.997585

61.200000
0.924496 -0.374800
-2.363528 -5.829903
0.997581

61.300000
0.525690 -0.847825
-5.346488 -3.315020
0.997576

61.400000
-0.075329 -0.994722
-6.272870 0.475077
0.997570

61.500000
-0.647369 -0.758978
-4.786258 4.082479
0.997564

61.600000
-0.970380 -0.231274
-1.458450 6.119482
0.997559

61.700000
-0.920101 0.385396
2.430436 5.802436
0.997555

61.800000
-0.515873 0.853807
5.384389 3.253259
0.997553

61.900000
0.086806 0.993766
6.267030 -0.547429
0.997551

62.000000
0.656090 0.751431
4.738790 -4.137539
0.997548

62.100000
0.972978 0.220025
1.387548 -6.135972
0.997545

62.200000
0.915562 -0.396023
-2.497511 -5.773911
0.997541

62.300000
0.505928 -0.859718
-5.421807 -3.190591
0.997536

62.400000
-0.098340 -0.992671
-6.260312 0.620221
0.997530

62.500000
-0.664773 -0.743729
-4.690373 4.192479
0.997524

62.600000
-0.975452 -0.208659
-1.315914 6.151836
0.997519

62.700000
-0.910848 0.406686
2.564850 5.744423
0.997516

62.800000
-0.495813 0.865565
5.458859 3.126941
0.997513

62.900000
0.109977 0.991430
6.252666 -0.693597
0.997511

63.000000
0.673454 0.735856
4.640841 -4.247297
0.997509

63.100000
0.977825 0.197170
1.243487 -6.166908
0.997506

63.200000
0.905985 -0.417374
-2.632319 -5.713850
0.997502

63.300000
0.485570 -0.871333
-5.495384 -3.062385
0.997496

63.400000
-0.121668 -0.990042
-6.244107 0.767389
0.997490

63.500000
-0.682091 -0.727824
-4.590342 4.301955
0.997485

63.600000
-0.980067 -0.185564
-1.170336 6.181310
0.997480

63.700000
-0.900941 0.428093
2.700018 5.682282
0.997476

63.800000
-0.475155 0.877029
5.531494 2.996839
0.997473

63.900000
0.133459 0.988503
6.234578 -0.841738
0.997471

64.000000
0.690719 0.719619
4.538711 -4.356444
0.997469

64.100000
0.982201 0.173839
1.096408 -6.194875
0.997466

64.200000
0.895744 -0.438831
-2.767809 -5.649602
0.997462

64.300000
0.464613 -0.882641
-5.567033 -2.930388
0.997457

64.400000
-0.145298 -0.986811
-6.224099 0.916479
0.997451

64.500000
-0.699297 -0.711253
-4.486097 4.410733
0.997445

64.600000
-0.984197 -0.161998
-1.021765 6.207726
0.997440

64.700000
-0.890362 0.449594
2.835795 5.615893
0.997436

64.800000
-0.453899 0.888172
5.602107 2.862942
0.997434

64.900000
0.157234 0.984961
6.212607 -0.991749
0.997432

65.000000
0.707858 0.702711
4.432335 -4.464805
0.997430

65.100000
0.986077 0.150040
0.946361 -6.219691
0.997426

65.200000
0.884822 -0.460370
-2.903833 -5.581048
0.997422

65.300000
0.443057 -0.893611
-5.636564 -2.794594
0.997417

65.400000
-0.169214 -0.982952
-6.200130 1.067385
0.997411

65.500000
-0.716361 -0.694006
-4.377574 4.518634
0.997405

65.600000
-0.987812 -0.137969
-0.870254 6.230898
0.997400

65.700000
-0.879093 0.471165
2.972029 5.545143
0.997397

65.800000
-0.432043 0.898963
5.670506 2.725249
0.997394

65.900000
0.181285 0.980779
6.186597 -1.143519
0.997392

66.000000
0.724840 0.685123
4.321651 -4.572195
0.997390

66.100000
0.989424 0.125783
0.793406 -6.241173
0.997387

66.200000
0.873201 -0.481966
-3.040233 -5.508076
0.997382

66.300000
0.420901 -0.904214
-5.703783 -2.655004
0.997377

66.400000
-0.193396 -0.978441
-6.172044 1.219990
0.997371

66.500000
-0.733255 -0.676073
-4.264716 4.625471
0.997365

66.600000
-0.990883 -0.113486
-0.715868 6.250644
0.997361

66.700000
-0.867115 0.492780
3.108558 5.469919
0.997357

66.800000
-0.409588 0.909370
5.736493 2.583762
0.997355

66.900000
0.205593 0.975932
6.156392 -1.296928
0.997353

67.000000
0.741637 0.666844
4.206606 -4.678427
0.997350

67.100000
0.992212 0.101078
0.637610 -6.259134
0.997347

67.200000
0.860864 -0.503593
-3.176846 -5.430575
0.997343

67.300000
0.398148 -0.914418
-5.768492 -2.511628
0.997337

67.400000
-0.217825 -0.973253
-6.139685 1.374172
0.997331

67.500000
-0.749948 -0.657447
-4.147471 4.731053
0.997326

67.600000
-0.993381 -0.088563
-0.558678 6.266775
0.997321

67.700000
-0.854413 0.514413
3.245213 5.390112
0.997317

67.800000
-0.386537 0.919362
5.799870 2.438496
0.997315

67.900000
0.230138 0.970397
6.121838 -1.451847
0.997313

68.000000
0.758218 0.647869
4.087149 -4.783304
0.997311

68.100000
0.994412 0.075938
0.479050 -6.273388
0.997307

68.200000
0.847793 -0.525224
-3.313499 -5.348439
0.997303

68.300000
0.374800 -0.924190
-5.830488 -2.364480
0.997297

68.400000
-0.242480 -0.967364
-6.102900 1.529796
0.997292

68.500000
-0.766408 -0.638121
-4.025791 4.835179
0.997286

68.600000
-0.995276 -0.063210
-0.398764 6.279104
0.997281

68.700000
-0.840969 0.536035
3.381819 5.305618
0.997278

68.800000
-0.362892 0.928907
5.860431 2.289470
0.997275

68.900000
0.254897 0.964148
6.082780 -1.608140
0.997273

69.000000
0.774549 0.628190
3.963238 -4.886625
0.997271

69.100000
0.995994 0.050377
0.317810 -6.283745
0.997268

69.200000
0.833973 -0.546830
-3.450011 -5.261566
0.997263

69.300000
0.350861 -0.933499
-5.889565 -2.213585
0.997258

69.400000
-0.267338 -0.960750
-6.061536 1.686721
0.997252

69.500000
-0.782603 -0.618088
-3.899639 4.937646
0.997246

69.600000
-0.996538 -0.037443
-0.236217 6.287443
0.997242

69.700000
-0.826769 0.557618
3.518192 5.216338
0.997238

69.800000
-0.338659 0.937971
5.917969 2.136712
0.997236

69.900000
0.279848 0.957163
6.039068 -1.765658
0.997234

70.000000
0.790599 0.607802
3.834837 -4.988181
0.997231

70.100000
0.996929 0.024409
0.153985 -6.290018
0.997228

70.200000
0.819388 -0.568382
-3.586194 -5.169860
0.997223

70.300000
0.326336 -0.942310
-5.945514 -2.058976
0.997218

70.400000
-0.292376 -0.953388
-6.015443 1.844797
0.997212

70.500000
-0.798499 -0.597344
-3.768982 5.038242
0.997206

70.600000
-0.997138 -0.011277
-0.071135 6.291602
0.997202

70.700000
-0.811796 0.579130
3.654138 5.122177
0.997199

70.800000
-0.313843 0.946521
5.972272 1.980260
0.997196

70.900000
0.304966 0.949417
5.990554 -1.924249
0.997194

71.000000
0.806334 0.586700
3.701919 -5.087759
0.997192

71.100000
0.997186 -0.001950
-0.012322 -6.292015
0.997188

71.200000
0.804025 -0.589847
-3.721852 -5.073227
0.997184

71.300000
0.301231 -0.950591
-5.998121 -1.900695
0.997178

71.400000
-0.317567 -0.945253
-5.964473 2.003863
0.997172

71.500000
-0.814064 -0.575884
-3.633796 5.136752
0.997167

71.600000
-0.997045 0.015270
0.096373 6.291391
0.997162

71.700000
-0.796038 0.600541
3.789459 5.023047
0.997159

71.800000
-0.288453 0.954524
6.023126 1.820160
0.997156

71.900000
0.330224 0.940887
5.937090 -2.083746
0.997154

72.000000
0.821718 0.564882
3.564462 -5.185140
0.997152

72.100000
0.996736 -0.028680
-0.180997 -6.289549
0.997149

72.200000
0.787869 -0.611195
-3.856782 -4.971582
0.997144

72.300000
0.275557 -0.958308
-6.047171 -1.738793
0.997138

72.400000
-0.342885 -0.936324
-5.908483 2.163750
0.997132

72.500000
-0.829260 -0.553706
-3.494064 5.232952
0.997127

72.600000
-0.996230 0.042179
0.266188 6.286622
0.997122

72.700000
-0.779481 0.621817
3.923946 4.918864
0.997119

72.800000
-0.262496 0.961945
6.070314 1.656469
0.997117

72.900000
0.355595 0.931552
5.878536 -2.243975
0.997115

73.000000
0.836717 0.542345
3.422455 -5.280099
0.997112

73.100000
0.995548 -0.055763
-0.351917 -6.282429
0.997109

73.200000
0.770908 -0.632391
-3.990770 -4.864846
0.997104

73.300000
0.249321 -0.965425
-6.092445 -1.573332
0.997099

73.400000
-0.368303 -0.926578
-5.847333 2.324279
0.997093

73.500000
-0.844052 -0.530810
-3.349780 5.326615
0.997087

73.600000
-0.994662 0.069431
0.438182 6.277105
0.997083

73.700000
-0.762113 0.642924
4.057382 4.809552
0.997080

73.800000
-0.235984 0.968749
6.113616 1.489253
0.997077

73.900000
0.381051 0.921390
5.814752 -2.404754
0.997075

74.000000
0.851293 0.519089
3.275895 -5.372404
0.997073

74.100000
0.993594 -0.083178
-0.524947 -6.270468
0.997069

74.200000
0.753131 -0.653400
-4.123598 -4.752946
0.997064

74.300000
0.222535 -0.971908
-6.133723 -1.404382
0.997059

74.400000
-0.393789 -0.915994
-5.780885 2.485261
0.997053

74.500000
-0.858404 -0.507195
-3.200944 5.417508
0.997047

74.600000
-0.992313 0.097002
0.612216 6.262652
0.997043

74.700000
-0.743924 0.663827
4.189546 4.695043
0.997040

74.800000
-0.208928 0.974902
6.152810 1.318589
0.997038

74.900000
0.406559 0.910379
5.745604 -2.565888
0.997036

75.000000
0.865410 0.495116
3.124788 -5.461821
0.997033

75.100000
0.990843 -0.110900
-0.699943 -6.253479
0.997029

75.200000
0.734527 -0.674187
-4.255038 -4.635816
0.997025

75.300000
0.195213 -0.977721
-6.170781 -1.232027
0.997019

75.400000
-0.419312 -0.904551
-5.709009 2.646499
0.997013

75.500000
-0.872277 -0.482863
-3.047568 5.505392
0.997008

75.600000
-0.989153 0.124870
0.788139 6.243079
0.997003

75.700000
-0.724903 0.684489
4.320204 4.575274
0.997000

75.800000
-0.181343 0.980367
6.187672 1.144563
0.996998

75.900000
0.432089 0.898499
5.670965 -2.727174
0.996996

76.000000
0.879030 0.470427
2.969150 -5.548109
0.996993

76.100000
0.987266 -0.138906
-0.876749 -6.231276
0.996990

76.200000
0.715088 -0.694714
-4.384855 -4.513399
0.996985

76.300000
0.167370 -0.982830
-6.203396 -1.056358
0.996979

76.400000
-0.444840 -0.892229
-5.631578 2.807785
0.996973

76.500000
-0.885634 -0.457819
-2.889672 5.590026
0.996968

76.600000
-0.985152 0.153008
0.965791 6.218201
0.996964

76.700000
-0.705043 0.704872
4.449118 4.450192
0.996961

76.800000
-0.153245 0.985110
6.217979 0.967276
0.996958

76.900000
0.457606 0.885731
5.590709 -2.888400
0.996956

77.000000
0.892113 0.445028
2.809008 -5.631022
0.996954

77.100000
0.982835 -0.167169
-1.055199 -6.203679
0.996950

77.200000
0.694806 -0.714944
-4.512805 -4.385646
0.996945

77.300000
0.139021 -0.987199
-6.231342 -0.877480
0.996939

77.400000
-0.470338 -0.879010
-5.548472 2.968900
0.996934

77.500000
-0.898434 -0.432067
-2.727289 5.671161
0.996928

77.600000
-0.980283 0.181389
1.144999 6.187837
0.996924

77.700000
-0.684337 0.724937
4.576042 4.319754
0.996921

77.800000
-0.124650 0.989095
6.243504 0.786835
0.996919

77.900000
0.483075 0.872056
5.504722 -3.049344
0.996917

78.000000
0.904621 0.418925
2.644398 -5.710313
0.996914

78.100000
0.977521 -0.195661
-1.235115 -6.170506
0.996910

78.200000
0.673675 -0.734835
-4.638639 -4.252518
0.996905

78.300000
0.110186 -0.990792
-6.254395 -0.695509
0.996900

78.400000
-0.495770 -0.864875
-5.459578 3.129617
0.996894

78.500000
-0.910640 -0.405613
-2.560462 5.748547
0.996888

78.600000
-0.974518 0.209985
1.325580 6.151810
0.996884

78.700000
-0.662779 0.744645
4.700722 4.183924
0.996881

78.800000
-0.095579 0.992286
6.264022 0.603365
0.996879

78.900000
0.508460 0.857457
5.412892 -3.209772
0.996877

79.000000
0.916514 0.392124
2.475370 -5.785727
0.996874

79.100000
0.971297 -0.224352
-1.416307 -6.131583
0.996871

79.200000
0.651690 -0.754348
-4.762100 -4.113985
0.996866

79.300000
0.080884 -0.993573
-6.272327 -0.510574
0.996860

79.400000
-0.521098 -0.849809
-5.364788 3.289700
0.996854

79.500000
-0.922209 -0.378468
-2.389245 5.821928
0.996849

79.600000
-0.967828 0.238763
1.507339 6.109946
0.996845

79.700000
-0.640366 0.763953
4.822897 4.042677
0.996842

79.800000
-0.066053 0.994649
6.279308 0.416998
0.996839

79.900000
0.533721 0.841918
5.315116 -3.369443
0.996837

80.000000
0.927750 0.364636
2.301984 -5.857007
0.996835

80.100000
0.964135 -0.253209
-1.598576 -6.086737
0.996831

80.200000
0.628848 -0.773441
-4.882924 -3.970026
0.996826

80.300000
0.051139 -0.995507
-6.284914 -0.322814
0.996820

80.400000
-0.546283 -0.833794
-5.264005 3.448900
0.996814

80.500000
-0.933102 -0.350640
-2.213704 5.891047
0.996809

80.600000
-0.960188 0.267692
1.690068 6.062075
0.996805

80.700000
-0.617095 0.782820
4.942301 3.896000
0.996802

80.800000
-0.036095 0.996146
6.289136 0.227883
0.996800

80.900000
0.558820 0.825424
5.211301 -3.528105
0.996798

81.000000
0.938289 0.336473
2.124312 -5.923896
0.996795

81.100000
0.956010 -0.282200
-1.781708 -6.035802
0.996791

81.200000
0.605148 -0.792072
-5.000840 -3.820633
0.996786

81.300000
0.020974 -0.996559
-6.291933 -0.132383
0.996780

81.400000
-0.571285 -0.816818
-5.157138 3.606962
0.996774

81.500000
-0.943277 -0.322144
-2.033919 5.955642
0.996769

81.600000
-0.951571 0.296737
1.873551 6.008033
0.996765

81.700000
-0.592967 0.801203
5.058659 3.743888
0.996762

81.800000
-0.005730 0.996744
6.293284 0.036178
0.996760

81.900000
0.583715 0.807963
5.101360 -3.685496
0.996758

82.000000
0.948089 0.307648
1.942440 -5.986129
0.996755

82.100000
0.946896 -0.311289
-1.965479 -5.978617
0.996751

82.200000
0.580592 -0.810195
-5.115571 -3.665809
0.996746

82.300000
-0.009584 -0.996694
-6.293160 0.060553
0.996740

82.400000
-0.596062 -0.798868
-5.044106 3.763619
0.996734

82.500000
-0.952693 -0.292994
-1.849982 6.015451
0.996729

82.600000
-0.941954 0.325860
2.057555 5.947664
0.996725

82.700000
-0.567982 0.819056
5.171691 3.586351
0.996723

82.800000
0.025014 0.996407
6.291531 -0.157944
0.996721

82.900000
0.608362 0.789521
4.985217 -3.841346
0.996718

83.000000
0.957110 0.278177
1.756468 -6.043444
0.996715

83.100000
0.936769 -0.340438
-2.149652 -5.915028
0.996711

83.200000
0.555180 -0.827767
-5.226834 -3.505569
0.996706

83.300000
-0.040506 -0.995877
-6.288376 0.255814
0.996700

83.400000
-0.620569 -0.779932
-4.924837 3.918597
0.996695

83.500000
-0.961308 -0.263206
-1.661998 6.070208
0.996690

83.600000
-0.931311 0.355025
2.241839 5.880814
0.996686

83.700000
-0.542144 0.836335
5.281112 3.423410
0.996683

83.800000
0.056107 0.995100
6.283658 -0.354295
0.996681

83.900000
0.632718 0.770088
4.862805 -3.995375
0.996679

84.000000
0.965308 0.248078
1.566506 -6.095574
0.996676

84.100000
0.925605 -0.369608
-2.333980 -5.844885
0.996672

84.200000
0.528917 -0.844743
-5.334341 -3.339940
0.996666

84.300000
-0.071763 -0.994074
-6.277365 0.453207
0.996661

84.400000
-0.644763 -0.760001
-4.799271 4.071610
0.996655

84.500000
-0.969079 -0.232800
-1.470087 6.119648
0.996650

84.600000
-0.919620 0.384190
2.426149 5.807339
0.996646

84.700000
-0.515459 0.852995
5.386630 3.255098
0.996643

84.800000
0.087519 0.992791
6.269450 -0.552677
0.996641

84.900000
0.656737 0.749657
4.734071 -4.147293
0.996639

85.000000
0.972643 0.217371
1.372683 -6.142254
0.996636

85.100000
0.913382 -0.398758
-2.518202 -5.768048
0.996632

85.200000
0.501812 -0.861075
-5.437799 -3.168962
0.996627

85.300000
-0.103320 -0.991251
-6.259912 0.652525
0.996621

85.400000
-0.668596 -0.739067
-4.667358 4.222364
0.996615

85.500000
-0.975966 -0.201797
-1.274382 6.163503
0.996610

85.600000
-0.906860 0.413314
2.610218 5.727104
0.996606

85.700000
-0.487934 0.868988
5.487950 3.081464
0.996604

85.800000
0.119214 0.989446
6.248696 -0.752876
0.996602

85.900000
0.680372 0.728220
4.598970 -4.296804
0.996599

86.000000
0.979071 0.186078
1.175139 -6.183217
0.996596

86.100000
0.900081 -0.427844
-2.702046 -5.684387
0.996592

86.200000
0.473871 -0.876717
-5.536910 -2.992691
0.996587

86.300000
-0.135144 -0.987375
-6.235811 0.853548
0.996581

86.400000
-0.692021 -0.717125
-4.529060 4.370559
0.996575

86.500000
-0.981925 -0.170221
-1.075033 6.201509
0.996570

86.600000
-0.893012 0.442352
2.793769 5.639982
0.996567

86.700000
-0.459579 0.884266
5.584772 2.902569
0.996564

86.800000
0.151156 0.985032
6.221191 -0.954663
0.996562

86.900000
0.703575 0.705772
4.457470 -4.443600
0.996560

87.000000
0.984551 0.154225
0.974030 -6.218197
0.996557

87.100000
0.885681 -0.456822
-2.885228 -5.593778
0.996552

87.200000
0.445106 -0.891620
-5.631370 -2.811196
0.996547

87.300000
-0.167196 -0.982415
-6.204857 1.056040
0.996541

87.400000
-0.714989 -0.694171
-4.384354 4.515883
0.996535

87.500000
-0.986916 -0.138097
-0.872202 6.233398
0.996531

87.600000
-0.878055 0.471259
2.976512 5.545854
0.996527

87.700000
-0.430407 0.898783
5.676793 2.718490
0.996524

87.800000
0.183309 0.979518
6.186734 -1.157796
0.996522

87.900000
0.726295 0.682311
4.309554 -4.587367
0.996520

88.000000
0.989041 0.121838
0.769528 -6.246928
0.996517

88.100000
0.870164 -0.485645
-3.067453 -5.496108
0.996513

88.200000
0.415531 -0.905738
-5.720876 -2.624561
0.996507

88.300000
-0.199438 -0.976340
-6.166853 1.259752
0.996501

88.400000
-0.737449 -0.670203
-4.233226 4.658019
0.996496

88.500000
-0.990895 -0.105454
-0.666070 6.258907
0.996491

88.600000
-0.861975 0.499986
3.158145 5.444613
0.996487

88.700000
-0.400433 0.912488
5.763704 2.529320
0.996485

88.800000
0.215629 0.972873
6.145132 -1.362020
0.996483

88.900000
0.748481 0.657836
4.155216 -4.727785
0.996480

89.000000
0.992499 0.088947
0.561820 -6.269148
0.996477

89.100000
0.853516 -0.514265
-3.248413 -5.391277
0.996473

89.200000
0.385162 -0.919020
-5.805118 -2.432886
0.996467

89.300000
-0.231828 -0.969119
-6.121610 1.464421
0.996461

89.400000
-0.759350 -0.645222
-4.075681 4.796640
0.996456

89.500000
-0.993823 -0.072324
-0.456832 6.277775
0.996451

89.600000
-0.844755 0.528485
3.338355 5.336165
0.996448

89.700000
-0.369673 0.925335
5.845196 2.335165
0.996445

89.800000
0.248076 0.965068
6.096198 -1.567063
0.996443

89.900000
0.770083 0.632350
3.994467 -4.864522
0.996441

90.000000
0.994886 0.055585
0.351109 -6.284598
0.996437

90.100000
0.835722 -0.542630
-3.427790 -5.279195
0.996433

90.200000
0.354016 -0.931418
-5.883786 -2.236287
0.996427

90.300000
-0.264321 -0.960724
-6.068946 1.669769
0.996421

90.400000
-0.780639 -0.619231
-3.911734 4.931415
0.996416

90.500000
-0.995658 -0.038739
-0.244698 6.289742
0.996411

90.600000
-0.826383 0.556704
3.516819 5.220424
0.996408

90.700000
-0.338148 0.937273
5.920958 2.136151
0.996405

90.800000
0.280604 0.956076
6.039755 -1.772639
0.996403

90.900000
0.791046 0.605855
3.827332 -4.997244
0.996401

91.000000
0.996159 0.021787
0.137614 -6.293019
0.996398

91.100000
0.816770 -0.570689
-3.605255 -5.159783
0.996393

91.200000
0.322116 -0.942883
-5.956568 -2.034897
0.996388

91.300000
-0.296871 -0.951128
-6.008686 1.875503
0.996382

91.400000
-0.801263 -0.592235
-3.741420 5.062004
0.996376

91.500000
-0.996360 -0.004735
-0.029897 6.294555
0.996371

91.600000
-0.806848 0.584590
3.693202 5.097321
0.996368

91.700000
-0.305879 0.948252
5.990677 1.932419
0.996366

91.800000
0.313164 0.945869
5.975633 -1.978451
0.996364

91.900000
0.811318 0.578359
3.653853 -5.125608
0.996361

92.000000
0.996281 -0.012411
-0.078428 -6.294160
0.996358

92.100000
0.796650 -0.598388
-3.780467 -5.032979
0.996353

92.200000
0.289486 -0.953366
-6.023151 -1.828865
0.996348

92.300000
-0.329430 -0.940305
-5.940668 2.081316
0.996342

92.400000
-0.821168 -0.564242
-3.564788 5.188061
0.996336

92.500000
-0.995891 0.029647
0.187328 6.291963
0.996332

92.600000
-0.786141 0.612089
3.867158 4.966799
0.996328

92.700000
-0.272893 0.958225
6.054041 1.724128
0.996326

92.800000
0.345708 0.934423
5.903675 -2.184183
0.996324

92.900000
0.830841 0.549872
3.474086 -5.249266
0.996322

93.000000
0.995210 -0.046968
-0.296764 -6.287775
0.996318

93.100000
0.775354 -0.625672
-3.953076 -4.898733
0.996313

93.200000
0.256151 -0.962817
-6.083222 -1.618361
0.996308

93.300000
-0.361947 -0.928231
-5.864737 2.286889
0.996302

93.400000
-0.840298 -0.535263
-3.381904 5.309238
0.996296

93.500000
-0.994210 0.064368
0.406714 6.281724
0.996292

93.600000
-0.764255 0.639144
4.038331 4.828815
0.996289

93.700000
-0.239217 0.967141
6.110737 1.511454
0.996286

93.800000
0.378184 0.921715
5.823732 -2.389508
0.996284

93.900000
0.849563 0.520405
3.288108 -5.367867
0.996282

94.000000
0.992911 -0.081841
-0.517125 -6.273623
0.996278

94.100000
0.752878 -0.652484
-4.122722 -4.757011
0.996274

94.200000
0.222142 -0.971186
-6.136471 -1.403570
0.996268

94.300000
-0.394368 -0.914883
-5.780753 2.491885
0.996262

94.400000
-0.858597 -0.505311
-3.192852 5.425178
0.996257

94.500000
-0.991283 0.099382
0.627984 6.263601
0.996252

94.600000
-0.741187 0.665698
4.206357 4.683344
0.996249

94.700000
-0.204882 0.974952
6.160455 1.294594
0.996247

94.800000
0.410538 0.907724
5.735670 -2.594084
0.996245

94.900000
0.867424 0.489973
3.096011 -5.481053
0.996242

95.000000
0.989346 -0.116985
-0.739224 -6.251472
0.996238

95.100000
0.729218 -0.678765
-4.289034 -4.607794
0.996234

95.200000
0.187491 -0.978426
-6.182586 -1.184696
0.996228

95.300000
-0.426640 -0.900243
-5.688586 2.695955
0.996222

95.400000
-0.876008 -0.474403
-2.997735 5.535525
0.996217

95.500000
-0.987071 0.134644
0.850842 6.237364
0.996212

95.600000
-0.716936 0.691691
4.370861 4.530375
0.996209

95.700000
-0.169923 0.981608
6.202886 1.073760
0.996207

95.800000
0.442712 0.892429
5.639365 -2.797555
0.996205

95.900000
0.884370 0.458594
2.897908 -5.588465
0.996202

96.000000
0.984480 -0.152351
-0.962757 -6.221096
0.996199

96.100000
0.704376 -0.704455
-4.451634 -4.451081
0.996194

96.200000
0.152233 -0.984488
-6.221261 -0.961963
0.996188

96.300000
-0.458703 -0.884291
-5.588120 2.898738
0.996182

96.400000
-0.892475 -0.442558
-2.796675 5.639915
0.996177

96.500000
-0.981542 0.170103
1.074975 6.202793
0.996173

96.600000
-0.691502 0.717063
4.531460 4.369917
0.996170

96.700000
-0.134376 0.987063
6.237724 0.849186
0.996167

96.800000
0.474650 0.875815
5.534711 -2.999551
0.996165

96.900000
0.900343 0.426289
2.693929 -5.689739
0.996163

97.000000
0.978279 -0.187890
-1.187403 -6.182281
0.996159

97.100000
0.678352 -0.729494
-4.610134 -4.286889
0.996154

97.200000
0.116407 -0.989323
-6.252194 -0.735614
0.996148

97.300000
-0.490500 -0.867012
-5.479256 3.099857
0.996142

97.400000
-0.907939 -0.409799
-2.589813 5.737987
0.996137

97.500000
-0.974661 0.205708
1.300054 6.159680
0.996133

97.600000
-0.664890 0.741752
4.687763 4.201995
0.996130

97.700000
-0.098282 0.991267
6.264671 0.621126
0.996128

97.800000
0.506290 0.857868
5.421613 -3.199691
0.996126

97.900000
0.915285 0.393082
2.484228 -5.784512
0.996123

98.000000
0.970711 -0.223547
-1.412823 -6.134822
0.996119

98.100000
0.651154 -0.753818
-4.764140 -4.115253
0.996114

98.200000
0.080055 -0.992886
-6.275086 -0.505911
0.996108

98.300000
-0.521968 -0.848392
-5.361908 3.298924
0.996102

98.400000
-0.922345 -0.376151
-2.377311 5.829374
0.996097

98.500000
-0.966398 0.241403
1.525731 6.107825
0.996093

98.600000
-0.637107 0.765696
4.839372 4.026653
0.996090

98.700000
-0.061683 0.994176
6.283430 0.389850
0.996088

98.800000
0.537570 0.838574
5.299994 -3.397579
0.996086

98.900000
0.929139 0.359001
2.268975 -5.872418
0.996083

99.000000
0.961746 -0.259265
-1.638662 -6.078526
0.996079

99.100000
0.622790 -0.777365
-4.913251 -3.936229
0.996074

99.200000
0.043221 -0.995130
-6.289645 -0.273137
0.996068

99.300000
-0.553044 -0.828422
-5.236007 3.495536
0.996063

99.400000
-0.935633 -0.341645
-2.159352 5.913713
0.996057

99.500000
-0.956724 0.277131
1.751644 6.047041
0.996053

99.600000
-0.608164 0.788830
4.985882 3.843958
0.996050

99.700000
-0.024626 0.995744
6.293713 0.155653
0.996048

99.800000
0.568425 0.817925
5.169796 -3.592808
0.996046

99.900000
0.941847 0.324077
2.048364 -5.953094
0.996043

142.101 //total duration
